-500.000000    238.393741
-499.500000    243.794408
-499.000000    249.209139
-498.500000    254.637241
-498.000000    260.078019
-497.500000    265.530777
-497.000000    270.994816
-496.500000    276.469437
-496.000000    281.953936
-495.500000    287.447611
-495.000000    292.949756
-494.500000    298.459664
-494.000000    303.976627
-493.500000    309.499937
-493.000000    315.028882
-492.500000    320.562751
-492.000000    326.100832
-491.500000    331.642410
-491.000000    337.186772
-490.500000    342.733202
-490.000000    348.280984
-489.500000    353.829404
-489.000000    359.377742
-488.500000    364.925283
-488.000000    370.471309
-487.500000    376.015102
-487.000000    381.555945
-486.500000    387.093120
-486.000000    392.625910
-485.500000    398.153596
-485.000000    403.675462
-484.500000    409.190791
-484.000000    414.698866
-483.500000    420.198973
-483.000000    425.690395
-482.500000    431.172418
-482.000000    436.644330
-481.500000    442.105417
-481.000000    447.554967
-480.500000    452.992271
-480.000000    458.416619
-479.500000    463.827303
-479.000000    469.223617
-478.500000    474.604856
-478.000000    479.970317
-477.500000    485.319297
-477.000000    490.651098
-476.500000    495.965020
-476.000000    501.260369
-475.500000    506.536450
-475.000000    511.792572
-474.500000    517.028044
-474.000000    522.242181
-473.500000    527.434297
-473.000000    532.603711
-472.500000    537.749742
-472.000000    542.871716
-471.500000    547.968956
-471.000000    553.040794
-470.500000    558.086561
-470.000000    563.105592
-469.500000    568.097226
-469.000000    573.060805
-468.500000    577.995674
-468.000000    582.901182
-467.500000    587.776682
-467.000000    592.621528
-466.500000    597.435083
-466.000000    602.216708
-465.500000    606.965772
-465.000000    611.681647
-464.500000    616.363708
-464.000000    621.011336
-463.500000    625.623916
-463.000000    630.200836
-462.500000    634.741490
-462.000000    639.245276
-461.500000    643.711597
-461.000000    648.139861
-460.500000    652.529480
-460.000000    656.879871
-459.500000    661.190458
-459.000000    665.460667
-458.500000    669.689932
-458.000000    673.877691
-457.500000    678.023388
-457.000000    682.126471
-456.500000    686.186397
-456.000000    690.202624
-455.500000    694.174619
-455.000000    698.101855
-454.500000    701.983809
-454.000000    705.819965
-453.500000    709.609813
-453.000000    713.352849
-452.500000    717.048575
-452.000000    720.696501
-451.500000    724.296141
-451.000000    727.847018
-450.500000    731.348659
-450.000000    734.800598
-449.500000    738.202379
-449.000000    741.553548
-448.500000    744.853661
-448.000000    748.102281
-447.500000    751.298976
-447.000000    754.443322
-446.500000    757.534904
-446.000000    760.573311
-445.500000    763.558142
-445.000000    766.489001
-444.500000    769.365502
-444.000000    772.187265
-443.500000    774.953918
-443.000000    777.665095
-442.500000    780.320441
-442.000000    782.919606
-441.500000    785.462249
-441.000000    787.948037
-440.500000    790.376643
-440.000000    792.747752
-439.500000    795.061054
-439.000000    797.316246
-438.500000    799.513038
-438.000000    801.651143
-437.500000    803.730286
-437.000000    805.750198
-436.500000    807.710620
-436.000000    809.611301
-435.500000    811.451998
-435.000000    813.232476
-434.500000    814.952512
-434.000000    816.611887
-433.500000    818.210394
-433.000000    819.747834
-432.500000    821.224015
-432.000000    822.638757
-431.500000    823.991887
-431.000000    825.283241
-430.500000    826.512663
-430.000000    827.680009
-429.500000    828.785141
-429.000000    829.827931
-428.500000    830.808262
-428.000000    831.726024
-427.500000    832.581115
-427.000000    833.373447
-426.500000    834.102935
-426.000000    834.769509
-425.500000    835.373105
-425.000000    835.913669
-424.500000    836.391157
-424.000000    836.805533
-423.500000    837.156771
-423.000000    837.444856
-422.500000    837.669781
-422.000000    837.831547
-421.500000    837.930168
-421.000000    837.965664
-420.500000    837.938067
-420.000000    837.847418
-419.500000    837.693766
-419.000000    837.477171
-418.500000    837.197702
-418.000000    836.855438
-417.500000    836.450468
-417.000000    835.982889
-416.500000    835.452809
-416.000000    834.860345
-415.500000    834.205623
-415.000000    833.488779
-414.500000    832.709960
-414.000000    831.869320
-413.500000    830.967025
-413.000000    830.003248
-412.500000    828.978174
-412.000000    827.891996
-411.500000    826.744917
-411.000000    825.537149
-410.500000    824.268915
-410.000000    822.940446
-409.500000    821.551983
-409.000000    820.103776
-408.500000    818.596085
-408.000000    817.029179
-407.500000    815.403336
-407.000000    813.718845
-406.500000    811.976002
-406.000000    810.175114
-405.500000    808.316496
-405.000000    806.400474
-404.500000    804.427381
-404.000000    802.397561
-403.500000    800.311366
-403.000000    798.169158
-402.500000    795.971306
-402.000000    793.718192
-401.500000    791.410202
-401.000000    789.047734
-400.500000    786.631196
-400.000000    784.161000
-399.500000    781.637572
-399.000000    779.061345
-398.500000    776.432758
-398.000000    773.752262
-397.500000    771.020316
-397.000000    768.237386
-396.500000    765.403947
-396.000000    762.520484
-395.500000    759.587488
-395.000000    756.605460
-394.500000    753.574908
-394.000000    750.496349
-393.500000    747.370308
-393.000000    744.197317
-392.500000    740.977917
-392.000000    737.712657
-391.500000    734.402092
-391.000000    731.046787
-390.500000    727.647313
-390.000000    724.204250
-389.500000    720.718184
-389.000000    717.189710
-388.500000    713.619428
-388.000000    710.007947
-387.500000    706.355884
-387.000000    702.663860
-386.500000    698.932506
-386.000000    695.162458
-385.500000    691.354359
-385.000000    687.508861
-384.500000    683.626619
-384.000000    679.708296
-383.500000    675.754564
-383.000000    671.766096
-382.500000    667.743577
-382.000000    663.687693
-381.500000    659.599139
-381.000000    655.478617
-380.500000    651.326830
-380.000000    647.144492
-379.500000    642.932320
-379.000000    638.691036
-378.500000    634.421369
-378.000000    630.124052
-377.500000    625.799823
-377.000000    621.449427
-376.500000    617.073612
-376.000000    612.673132
-375.500000    608.248743
-375.000000    603.801210
-374.500000    599.331299
-374.000000    594.839782
-373.500000    590.327433
-373.000000    585.795034
-372.500000    581.243368
-372.000000    576.673221
-371.500000    572.085386
-371.000000    567.480657
-370.500000    562.859833
-370.000000    558.223715
-369.500000    553.573108
-369.000000    548.908819
-368.500000    544.231661
-368.000000    539.542445
-367.500000    534.841989
-367.000000    530.131111
-366.500000    525.410632
-366.000000    520.681377
-365.500000    515.944170
-365.000000    511.199839
-364.500000    506.449213
-364.000000    501.693124
-363.500000    496.932404
-363.000000    492.167886
-362.500000    487.400408
-362.000000    482.630804
-361.500000    477.859913
-361.000000    473.088573
-360.500000    468.317622
-360.000000    463.547900
-359.500000    458.780248
-359.000000    454.015505
-358.500000    449.254511
-358.000000    444.498108
-357.500000    439.747134
-357.000000    435.002430
-356.500000    430.264835
-356.000000    425.535188
-355.500000    420.814326
-355.000000    416.103086
-354.500000    411.402305
-354.000000    406.712816
-353.500000    402.035452
-353.000000    397.371046
-352.500000    392.720428
-352.000000    388.084424
-351.500000    383.463862
-351.000000    378.859564
-350.500000    374.272354
-350.000000    369.703049
-349.500000    365.152467
-349.000000    360.621420
-348.500000    356.110720
-348.000000    351.621174
-347.500000    347.153587
-347.000000    342.708759
-346.500000    338.287489
-346.000000    333.890570
-345.500000    329.518791
-345.000000    325.172940
-344.500000    320.853797
-344.000000    316.562139
-343.500000    312.298741
-343.000000    308.064370
-342.500000    303.859790
-342.000000    299.685759
-341.500000    295.543031
-341.000000    291.432354
-340.500000    287.354472
-340.000000    283.310121
-339.500000    279.300033
-339.000000    275.324935
-338.500000    271.385545
-338.000000    267.482579
-337.500000    263.616743
-337.000000    259.788738
-336.500000    255.999260
-336.000000    252.248995
-335.500000    248.538624
-335.000000    244.868822
-334.500000    241.240255
-334.000000    237.653583
-333.500000    234.109458
-333.000000    230.608524
-332.500000    227.151417
-332.000000    223.738768
-331.500000    220.371195
-331.000000    217.049313
-330.500000    213.773726
-330.000000    210.545029
-329.500000    207.363810
-329.000000    204.230648
-328.500000    201.146113
-328.000000    198.110766
-327.500000    195.125159
-327.000000    192.189835
-326.500000    189.305327
-326.000000    186.472159
-325.500000    183.690846
-325.000000    180.961892
-324.500000    178.285792
-324.000000    175.663032
-323.500000    173.094086
-323.000000    170.579419
-322.500000    168.119485
-322.000000    165.714728
-321.500000    163.365582
-321.000000    161.072470
-320.500000    158.835804
-320.000000    156.655985
-319.500000    154.533404
-319.000000    152.468439
-318.500000    150.461459
-318.000000    148.512821
-317.500000    146.622870
-317.000000    144.791941
-316.500000    143.020355
-316.000000    141.308424
-315.500000    139.656446
-315.000000    138.064709
-314.500000    136.533489
-314.000000    135.063049
-313.500000    133.653639
-313.000000    132.305499
-312.500000    131.018857
-312.000000    129.793926
-311.500000    128.630908
-311.000000    127.529995
-310.500000    126.491361
-310.000000    125.515173
-309.500000    124.601582
-309.000000    123.750727
-308.500000    122.962735
-308.000000    122.237719
-307.500000    121.575780
-307.000000    120.977005
-306.500000    120.441469
-306.000000    119.969234
-305.500000    119.560349
-305.000000    119.214848
-304.500000    118.932754
-304.000000    118.714076
-303.500000    118.558809
-303.000000    118.466936
-302.500000    118.438426
-302.000000    118.473235
-301.500000    118.571305
-301.000000    118.732564
-300.500000    118.956930
-300.000000    119.244302
-299.500000    119.594571
-299.000000    120.007612
-298.500000    120.483285
-298.000000    121.021440
-297.500000    121.621911
-297.000000    122.284520
-296.500000    123.009074
-296.000000    123.795367
-295.500000    124.643180
-295.000000    125.552282
-294.500000    126.522425
-294.000000    127.553351
-293.500000    128.644786
-293.000000    129.796444
-292.500000    131.008027
-292.000000    132.279221
-291.500000    133.609699
-291.000000    134.999123
-290.500000    136.447140
-290.000000    137.953384
-289.500000    139.517476
-289.000000    141.139025
-288.500000    142.817625
-288.000000    144.552858
-287.500000    146.344294
-287.000000    148.191489
-286.500000    150.093987
-286.000000    152.051317
-285.500000    154.062999
-285.000000    156.128538
-284.500000    158.247427
-284.000000    160.419146
-283.500000    162.643164
-283.000000    164.918937
-282.500000    167.245909
-282.000000    169.623512
-281.500000    172.051165
-281.000000    174.528277
-280.500000    177.054243
-280.000000    179.628448
-279.500000    182.250265
-279.000000    184.919056
-278.500000    187.634170
-278.000000    190.394947
-277.500000    193.200714
-277.000000    196.050789
-276.500000    198.944476
-276.000000    201.881071
-275.500000    204.859860
-275.000000    207.880115
-274.500000    210.941102
-274.000000    214.042073
-273.500000    217.182272
-273.000000    220.360933
-272.500000    223.577280
-272.000000    226.830527
-271.500000    230.119880
-271.000000    233.444534
-270.500000    236.803675
-270.000000    240.196482
-269.500000    243.622123
-269.000000    247.079759
-268.500000    250.568541
-268.000000    254.087613
-267.500000    257.636111
-267.000000    261.213162
-266.500000    264.817886
-266.000000    268.449396
-265.500000    272.106797
-265.000000    275.789187
-264.500000    279.495656
-264.000000    283.225289
-263.500000    286.977165
-263.000000    290.750354
-262.500000    294.543921
-262.000000    298.356926
-261.500000    302.188424
-261.000000    306.037461
-260.500000    309.903081
-260.000000    313.784322
-259.500000    317.680217
-259.000000    321.589794
-258.500000    325.512078
-258.000000    329.446087
-257.500000    333.390839
-257.000000    337.345344
-256.500000    341.308613
-256.000000    345.279651
-255.500000    349.257460
-255.000000    353.241039
-254.500000    357.229387
-254.000000    361.221498
-253.500000    365.216366
-253.000000    369.212980
-252.500000    373.210332
-252.000000    377.207410
-251.500000    381.203200
-251.000000    385.196690
-250.500000    389.186866
-250.000000    393.172713
-249.500000    397.153218
-249.000000    401.127366
-248.500000    405.094145
-248.000000    409.052540
-247.500000    413.001542
-247.000000    416.940140
-246.500000    420.867325
-246.000000    424.782090
-245.500000    428.683431
-245.000000    432.570344
-244.500000    436.441832
-244.000000    440.296896
-243.500000    444.134544
-243.000000    447.953784
-242.500000    451.753631
-242.000000    455.533102
-241.500000    459.291220
-241.000000    463.027010
-240.500000    466.739503
-240.000000    470.427737
-239.500000    474.090752
-239.000000    477.727596
-238.500000    481.337322
-238.000000    484.918990
-237.500000    488.471665
-237.000000    491.994419
-236.500000    495.486334
-236.000000    498.946494
-235.500000    502.373995
-235.000000    505.767939
-234.500000    509.127436
-234.000000    512.451605
-233.500000    515.739572
-233.000000    518.990474
-232.500000    522.203457
-232.000000    525.377674
-231.500000    528.512291
-231.000000    531.606481
-230.500000    534.659430
-230.000000    537.670331
-229.500000    540.638391
-229.000000    543.562827
-228.500000    546.442866
-228.000000    549.277748
-227.500000    552.066725
-227.000000    554.809058
-226.500000    557.504025
-226.000000    560.150912
-225.500000    562.749020
-225.000000    565.297664
-224.500000    567.796170
-224.000000    570.243878
-223.500000    572.640142
-223.000000    574.984332
-222.500000    577.275827
-222.000000    579.514026
-221.500000    581.698340
-221.000000    583.828193
-220.500000    585.903029
-220.000000    587.922302
-219.500000    589.885485
-219.000000    591.792064
-218.500000    593.641545
-218.000000    595.433446
-217.500000    597.167302
-217.000000    598.842667
-216.500000    600.459109
-216.000000    602.016215
-215.500000    603.513586
-215.000000    604.950844
-214.500000    606.327626
-214.000000    607.643587
-213.500000    608.898400
-213.000000    610.091756
-212.500000    611.223363
-212.000000    612.292951
-211.500000    613.300262
-211.000000    614.245063
-210.500000    615.127135
-210.000000    615.946281
-209.500000    616.702320
-209.000000    617.395092
-208.500000    618.024457
-208.000000    618.590292
-207.500000    619.092495
-207.000000    619.530982
-206.500000    619.905690
-206.000000    620.216577
-205.500000    620.463617
-205.000000    620.646807
-204.500000    620.766163
-204.000000    620.821720
-203.500000    620.813536
-203.000000    620.741686
-202.500000    620.606267
-202.000000    620.407395
-201.500000    620.145208
-201.000000    619.819863
-200.500000    619.431538
-200.000000    618.980431
-199.500000    618.466761
-199.000000    617.890766
-198.500000    617.252706
-198.000000    616.552861
-197.500000    615.791531
-197.000000    614.969037
-196.500000    614.085720
-196.000000    613.141942
-195.500000    612.138083
-195.000000    611.074546
-194.500000    609.951754
-194.000000    608.770148
-193.500000    607.530191
-193.000000    606.232366
-192.500000    604.877175
-192.000000    603.465139
-191.500000    601.996803
-191.000000    600.472726
-190.500000    598.893490
-190.000000    597.259696
-189.500000    595.571965
-189.000000    593.830934
-188.500000    592.037264
-188.000000    590.191630
-187.500000    588.294729
-187.000000    586.347276
-186.500000    584.350003
-186.000000    582.303661
-185.500000    580.209021
-185.000000    578.066870
-184.500000    575.878012
-184.000000    573.643270
-183.500000    571.363483
-183.000000    569.039509
-182.500000    566.672221
-182.000000    564.262509
-181.500000    561.811280
-181.000000    559.319457
-180.500000    556.787979
-180.000000    554.217798
-179.500000    551.609885
-179.000000    548.965225
-178.500000    546.284817
-178.000000    543.569673
-177.500000    540.820823
-177.000000    538.039308
-176.500000    535.226183
-176.000000    532.382516
-175.500000    529.509389
-175.000000    526.607896
-174.500000    523.679143
-174.000000    520.724248
-173.500000    517.744340
-173.000000    514.740559
-172.500000    511.714057
-172.000000    508.665995
-171.500000    505.597546
-171.000000    502.509889
-170.500000    499.404216
-170.000000    496.281725
-169.500000    493.143625
-169.000000    489.991129
-168.500000    486.825462
-168.000000    483.647854
-167.500000    480.459540
-167.000000    477.261764
-166.500000    474.055775
-166.000000    470.842826
-165.500000    467.624177
-165.000000    464.401089
-164.500000    461.174832
-164.000000    457.946674
-163.500000    454.717889
-163.000000    451.489753
-162.500000    448.263545
-162.000000    445.040543
-161.500000    441.822027
-161.000000    438.609278
-160.500000    435.403577
-160.000000    432.206205
-159.500000    429.018439
-159.000000    425.841557
-158.500000    422.676836
-158.000000    419.525546
-157.500000    416.388958
-157.000000    413.268338
-156.500000    410.164946
-156.000000    407.080039
-155.500000    404.014869
-155.000000    400.970681
-154.500000    397.948714
-154.000000    394.950199
-153.500000    391.976361
-153.000000    389.028416
-152.500000    386.107572
-152.000000    383.215027
-151.500000    380.351970
-151.000000    377.519578
-150.500000    374.719019
-150.000000    371.951449
-149.500000    369.218012
-149.000000    366.519838
-148.500000    363.858047
-148.000000    361.233743
-147.500000    358.648015
-147.000000    356.101939
-146.500000    353.596576
-146.000000    351.132969
-145.500000    348.712146
-145.000000    346.335117
-144.500000    344.002877
-144.000000    341.716400
-143.500000    339.476642
-143.000000    337.284541
-142.500000    335.141014
-142.000000    333.046959
-141.500000    331.003252
-141.000000    329.010749
-140.500000    327.070283
-140.000000    325.182665
-139.500000    323.348685
-139.000000    321.569107
-138.500000    319.844672
-138.000000    318.176099
-137.500000    316.564079
-137.000000    315.009280
-136.500000    313.512343
-136.000000    312.073884
-135.500000    310.694491
-135.000000    309.374727
-134.500000    308.115126
-134.000000    306.916194
-133.500000    305.778410
-133.000000    304.702223
-132.500000    303.688054
-132.000000    302.736294
-131.500000    301.847304
-131.000000    301.021415
-130.500000    300.258928
-130.000000    299.560112
-129.500000    298.925206
-129.000000    298.354416
-128.500000    297.847917
-128.000000    297.405853
-127.500000    297.028334
-127.000000    296.715437
-126.500000    296.467209
-126.000000    296.283660
-125.500000    296.164770
-125.000000    296.110482
-124.500000    296.120709
-124.000000    296.195328
-123.500000    296.334182
-123.000000    296.537079
-122.500000    296.803796
-122.000000    297.134071
-121.500000    297.527610
-121.000000    297.984085
-120.500000    298.503132
-120.000000    299.084352
-119.500000    299.727314
-119.000000    300.431548
-118.500000    301.196552
-118.000000    302.021789
-117.500000    302.906688
-117.000000    303.850643
-116.500000    304.853011
-116.000000    305.913119
-115.500000    307.030257
-115.000000    308.203683
-114.500000    309.432618
-114.000000    310.716252
-113.500000    312.053741
-113.000000    313.444207
-112.500000    314.886741
-112.000000    316.380400
-111.500000    317.924207
-111.000000    319.517157
-110.500000    321.158210
-110.000000    322.846297
-109.500000    324.580316
-109.000000    326.359136
-108.500000    328.181596
-108.000000    330.046505
-107.500000    331.952643
-107.000000    333.898763
-106.500000    335.883588
-106.000000    337.905814
-105.500000    339.964112
-105.000000    342.057124
-104.500000    344.183469
-104.000000    346.341741
-103.500000    348.530507
-103.000000    350.748313
-102.500000    352.993683
-102.000000    355.265117
-101.500000    357.561095
-101.000000    359.880077
-100.500000    362.220501
-100.000000    364.580789
-99.500000    366.959344
-99.000000    369.354554
-98.500000    371.764787
-98.000000    374.188400
-97.500000    376.623733
-97.000000    379.069116
-96.500000    381.522864
-96.000000    383.983283
-95.500000    386.448668
-95.000000    388.917305
-94.500000    391.387474
-94.000000    393.857445
-93.500000    396.325487
-93.000000    398.789861
-92.500000    401.248826
-92.000000    403.700640
-91.500000    406.143559
-91.000000    408.575841
-90.500000    410.995745
-90.000000    413.401532
-89.500000    415.791469
-89.000000    418.163829
-88.500000    420.516891
-88.000000    422.848942
-87.500000    425.158280
-87.000000    427.443214
-86.500000    429.702064
-86.000000    431.933165
-85.500000    434.134868
-85.000000    436.305540
-84.500000    438.443566
-84.000000    440.547351
-83.500000    442.615320
-83.000000    444.645923
-82.500000    446.637630
-82.000000    448.588941
-81.500000    450.498379
-81.000000    452.364497
-80.500000    454.185879
-80.000000    455.961138
-79.500000    457.688922
-79.000000    459.367911
-78.500000    460.996822
-78.000000    462.574410
-77.500000    464.099467
-77.000000    465.570825
-76.500000    466.987359
-76.000000    468.347986
-75.500000    469.651668
-75.000000    470.897411
-74.500000    472.084272
-74.000000    473.211351
-73.500000    474.277803
-73.000000    475.282832
-72.500000    476.225693
-72.000000    477.105699
-71.500000    477.922213
-71.000000    478.674659
-70.500000    479.362516
-70.000000    479.985321
-69.500000    480.542674
-69.000000    481.034233
-68.500000    481.459720
-68.000000    481.818918
-67.500000    482.111676
-67.000000    482.337909
-66.500000    482.497594
-66.000000    482.590780
-65.500000    482.617579
-65.000000    482.578173
-64.500000    482.472816
-64.000000    482.301828
-63.500000    482.065600
-63.000000    481.764597
-62.500000    481.399350
-62.000000    480.970468
-61.500000    480.478627
-61.000000    479.924579
-60.500000    479.309145
-60.000000    478.633223
-59.500000    477.897781
-59.000000    477.103860
-58.500000    476.252575
-58.000000    475.345111
-57.500000    474.382727
-57.000000    473.366754
-56.500000    472.298592
-56.000000    471.179716
-55.500000    470.011665
-55.000000    468.796053
-54.500000    467.534558
-54.000000    466.228929
-53.500000    464.880978
-53.000000    463.492584
-52.500000    462.065689
-52.000000    460.602299
-51.500000    459.104479
-51.000000    457.574352
-50.500000    456.014102
-50.000000    454.425965
-49.500000    452.812231
-49.000000    451.175243
-48.500000    449.517391
-48.000000    447.841113
-47.500000    446.148887
-47.000000    444.443237
-46.500000    442.726723
-46.000000    441.001938
-45.500000    439.271512
-45.000000    437.538099
-44.500000    435.804381
-44.000000    434.073060
-43.500000    432.346858
-43.000000    430.628510
-42.500000    428.920760
-42.000000    427.226360
-41.500000    425.548062
-41.000000    423.888615
-40.500000    422.250760
-40.000000    420.637229
-39.500000    419.050731
-39.000000    417.493957
-38.500000    415.969568
-38.000000    414.480194
-37.500000    413.028424
-37.000000    411.616804
-36.500000    410.247831
-36.000000    408.923942
-35.500000    407.647517
-35.000000    406.420864
-34.500000    405.246218
-34.000000    404.125732
-33.500000    403.061474
-33.000000    402.055413
-32.500000    401.109422
-32.000000    400.225262
-31.500000    399.404582
-31.000000    398.648908
-30.500000    397.959639
-30.000000    397.338035
-29.500000    396.785215
-29.000000    396.302148
-28.500000    395.889645
-28.000000    395.548354
-27.500000    395.278750
-27.000000    395.081129
-26.500000    394.955604
-26.000000    394.902094
-25.500000    394.920319
-25.000000    395.009793
-24.500000    395.169819
-24.000000    395.399481
-23.500000    395.697640
-23.000000    396.062924
-22.500000    396.493730
-22.000000    396.988211
-21.500000    397.544278
-21.000000    398.159592
-20.500000    398.831563
-20.000000    399.557344
-19.500000    400.333832
-19.000000    401.157665
-18.500000    402.025221
-18.000000    402.932619
-17.500000    403.875722
-17.000000    404.850134
-16.500000    405.851211
-16.000000    406.874060
-15.500000    407.913551
-15.000000    408.964321
-14.500000    410.020786
-14.000000    411.077157
-13.500000    412.127450
-13.000000    413.165507
-12.500000    414.185016
-12.000000    415.179534
-11.500000    416.142520
-11.000000    417.067362
-10.500000    417.947420
-10.000000    418.776065
-9.500000    419.546732
-9.000000    420.252980
-8.500000    420.888556
-8.000000    421.447474
-7.500000    421.924109
-7.000000    422.313303
-6.500000    422.610489
-6.000000    422.811846
-5.500000    422.914480
-5.000000    422.916646
-4.500000    422.818027
-4.000000    422.620090
-3.500000    422.326544
-3.000000    421.943980
-2.500000    421.482766
-2.000000    420.958432
-1.500000    420.393979
-1.000000    419.824371
-0.500000    419.307718
0.000000    418.982900
0.500000    418.658082
1.000000    418.141429
1.500000    417.571821
2.000000    417.007368
2.500000    416.483034
3.000000    416.021820
3.500000    415.639256
4.000000    415.345710
4.500000    415.147773
5.000000    415.049154
5.500000    415.051320
6.000000    415.153954
6.500000    415.355311
7.000000    415.652497
7.500000    416.041691
8.000000    416.518326
8.500000    417.077244
9.000000    417.712820
9.500000    418.419068
10.000000    419.189735
10.500000    420.018380
11.000000    420.898438
11.500000    421.823280
12.000000    422.786266
12.500000    423.780784
13.000000    424.800293
13.500000    425.838350
14.000000    426.888643
14.500000    427.945014
15.000000    429.001479
15.500000    430.052249
16.000000    431.091740
16.500000    432.114589
17.000000    433.115666
17.500000    434.090078
18.000000    435.033181
18.500000    435.940579
19.000000    436.808135
19.500000    437.631968
20.000000    438.408456
20.500000    439.134237
21.000000    439.806208
21.500000    440.421522
22.000000    440.977589
22.500000    441.472070
23.000000    441.902876
23.500000    442.268160
24.000000    442.566319
24.500000    442.795981
25.000000    442.956007
25.500000    443.045481
26.000000    443.063706
26.500000    443.010196
27.000000    442.884671
27.500000    442.687050
28.000000    442.417446
28.500000    442.076155
29.000000    441.663652
29.500000    441.180585
30.000000    440.627765
30.500000    440.006161
31.000000    439.316892
31.500000    438.561218
32.000000    437.740538
32.500000    436.856378
33.000000    435.910387
33.500000    434.904326
34.000000    433.840068
34.500000    432.719582
35.000000    431.544936
35.500000    430.318283
36.000000    429.041858
36.500000    427.717969
37.000000    426.348996
37.500000    424.937376
38.000000    423.485606
38.500000    421.996232
39.000000    420.471843
39.500000    418.915069
40.000000    417.328571
40.500000    415.715040
41.000000    414.077185
41.500000    412.417738
42.000000    410.739440
42.500000    409.045040
43.000000    407.337290
43.500000    405.618942
44.000000    403.892740
44.500000    402.161419
45.000000    400.427701
45.500000    398.694288
46.000000    396.963862
46.500000    395.239077
47.000000    393.522563
47.500000    391.816913
48.000000    390.124687
48.500000    388.448409
49.000000    386.790557
49.500000    385.153569
50.000000    383.539835
50.500000    381.951698
51.000000    380.391448
51.500000    378.861321
52.000000    377.363501
52.500000    375.900111
53.000000    374.473216
53.500000    373.084822
54.000000    371.736871
54.500000    370.431242
55.000000    369.169747
55.500000    367.954135
56.000000    366.786084
56.500000    365.667208
57.000000    364.599046
57.500000    363.583073
58.000000    362.620689
58.500000    361.713225
59.000000    360.861940
59.500000    360.068019
60.000000    359.332577
60.500000    358.656655
61.000000    358.041221
61.500000    357.487173
62.000000    356.995332
62.500000    356.566450
63.000000    356.201203
63.500000    355.900200
64.000000    355.663972
64.500000    355.492984
65.000000    355.387627
65.500000    355.348221
66.000000    355.375020
66.500000    355.468206
67.000000    355.627891
67.500000    355.854124
68.000000    356.146882
68.500000    356.506080
69.000000    356.931567
69.500000    357.423126
70.000000    357.980479
70.500000    358.603284
71.000000    359.291141
71.500000    360.043587
72.000000    360.860101
72.500000    361.740107
73.000000    362.682968
73.500000    363.687997
74.000000    364.754449
74.500000    365.881528
75.000000    367.068389
75.500000    368.314132
76.000000    369.617814
76.500000    370.978441
77.000000    372.394975
77.500000    373.866333
78.000000    375.391390
78.500000    376.968978
79.000000    378.597889
79.500000    380.276878
80.000000    382.004662
80.500000    383.779921
81.000000    385.601303
81.500000    387.467421
82.000000    389.376859
82.500000    391.328170
83.000000    393.319877
83.500000    395.350480
84.000000    397.418449
84.500000    399.522234
85.000000    401.660260
85.500000    403.830932
86.000000    406.032635
86.500000    408.263736
87.000000    410.522586
87.500000    412.807520
88.000000    415.116858
88.500000    417.448909
89.000000    419.801971
89.500000    422.174331
90.000000    424.564268
90.500000    426.970055
91.000000    429.389959
91.500000    431.822241
92.000000    434.265160
92.500000    436.716974
93.000000    439.175939
93.500000    441.640313
94.000000    444.108355
94.500000    446.578326
95.000000    449.048495
95.500000    451.517132
96.000000    453.982517
96.500000    456.442936
97.000000    458.896684
97.500000    461.342067
98.000000    463.777400
98.500000    466.201013
99.000000    468.611246
99.500000    471.006456
100.000000    473.385011
100.500000    475.745299
101.000000    478.085723
101.500000    480.404705
102.000000    482.700683
102.500000    484.972117
103.000000    487.217487
103.500000    489.435293
104.000000    491.624059
104.500000    493.782331
105.000000    495.908676
105.500000    498.001688
106.000000    500.059986
106.500000    502.082212
107.000000    504.067037
107.500000    506.013157
108.000000    507.919295
108.500000    509.784204
109.000000    511.606664
109.500000    513.385484
110.000000    515.119503
110.500000    516.807590
111.000000    518.448643
111.500000    520.041593
112.000000    521.585400
112.500000    523.079059
113.000000    524.521593
113.500000    525.912059
114.000000    527.249548
114.500000    528.533182
115.000000    529.762117
115.500000    530.935543
116.000000    532.052681
116.500000    533.112789
117.000000    534.115157
117.500000    535.059112
118.000000    535.944011
118.500000    536.769248
119.000000    537.534252
119.500000    538.238486
120.000000    538.881448
120.500000    539.462668
121.000000    539.981715
121.500000    540.438190
122.000000    540.831729
122.500000    541.162004
123.000000    541.428721
123.500000    541.631618
124.000000    541.770472
124.500000    541.845091
125.000000    541.855318
125.500000    541.801030
126.000000    541.682140
126.500000    541.498591
127.000000    541.250363
127.500000    540.937466
128.000000    540.559947
128.500000    540.117883
129.000000    539.611384
129.500000    539.040594
130.000000    538.405688
130.500000    537.706872
131.000000    536.944385
131.500000    536.118496
132.000000    535.229506
132.500000    534.277746
133.000000    533.263577
133.500000    532.187390
134.000000    531.049606
134.500000    529.850674
135.000000    528.591073
135.500000    527.271309
136.000000    525.891916
136.500000    524.453457
137.000000    522.956520
137.500000    521.401721
138.000000    519.789701
138.500000    518.121128
139.000000    516.396693
139.500000    514.617115
140.000000    512.783135
140.500000    510.895517
141.000000    508.955051
141.500000    506.962548
142.000000    504.918841
142.500000    502.824786
143.000000    500.681259
143.500000    498.489158
144.000000    496.249400
144.500000    493.962923
145.000000    491.630683
145.500000    489.253654
146.000000    486.832831
146.500000    484.369224
147.000000    481.863861
147.500000    479.317785
148.000000    476.732057
148.500000    474.107753
149.000000    471.445962
149.500000    468.747788
150.000000    466.014351
150.500000    463.246781
151.000000    460.446222
151.500000    457.613830
152.000000    454.750773
152.500000    451.858228
153.000000    448.937384
153.500000    445.989439
154.000000    443.015601
154.500000    440.017086
155.000000    436.995119
155.500000    433.950931
156.000000    430.885761
156.500000    427.800854
157.000000    424.697462
157.500000    421.576842
158.000000    418.440254
158.500000    415.288964
159.000000    412.124243
159.500000    408.947361
160.000000    405.759595
160.500000    402.562223
161.000000    399.356522
161.500000    396.143773
162.000000    392.925257
162.500000    389.702255
163.000000    386.476047
163.500000    383.247911
164.000000    380.019126
164.500000    376.790968
165.000000    373.564711
165.500000    370.341623
166.000000    367.122974
166.500000    363.910025
167.000000    360.704036
167.500000    357.506260
168.000000    354.317946
168.500000    351.140338
169.000000    347.974671
169.500000    344.822175
170.000000    341.684075
170.500000    338.561584
171.000000    335.455911
171.500000    332.368254
172.000000    329.299805
172.500000    326.251743
173.000000    323.225241
173.500000    320.221460
174.000000    317.241552
174.500000    314.286657
175.000000    311.357904
175.500000    308.456411
176.000000    305.583284
176.500000    302.739617
177.000000    299.926492
177.500000    297.144977
178.000000    294.396127
178.500000    291.680983
179.000000    289.000575
179.500000    286.355915
180.000000    283.748002
180.500000    281.177821
181.000000    278.646343
181.500000    276.154520
182.000000    273.703291
182.500000    271.293579
183.000000    268.926291
183.500000    266.602317
184.000000    264.322530
184.500000    262.087788
185.000000    259.898930
185.500000    257.756779
186.000000    255.662139
186.500000    253.615797
187.000000    251.618524
187.500000    249.671071
188.000000    247.774170
188.500000    245.928536
189.000000    244.134866
189.500000    242.393835
190.000000    240.706104
190.500000    239.072310
191.000000    237.493074
191.500000    235.968997
192.000000    234.500661
192.500000    233.088625
193.000000    231.733434
193.500000    230.435609
194.000000    229.195652
194.500000    228.014046
195.000000    226.891254
195.500000    225.827717
196.000000    224.823858
196.500000    223.880080
197.000000    222.996763
197.500000    222.174269
198.000000    221.412939
198.500000    220.713094
199.000000    220.075034
199.500000    219.499039
200.000000    218.985369
200.500000    218.534262
201.000000    218.145937
201.500000    217.820592
202.000000    217.558405
202.500000    217.359533
203.000000    217.224114
203.500000    217.152264
204.000000    217.144080
204.500000    217.199637
205.000000    217.318993
205.500000    217.502183
206.000000    217.749223
206.500000    218.060110
207.000000    218.434818
207.500000    218.873305
208.000000    219.375508
208.500000    219.941343
209.000000    220.570708
209.500000    221.263480
210.000000    222.019519
210.500000    222.838665
211.000000    223.720737
211.500000    224.665538
212.000000    225.672849
212.500000    226.742437
213.000000    227.874044
213.500000    229.067400
214.000000    230.322213
214.500000    231.638174
215.000000    233.014956
215.500000    234.452214
216.000000    235.949585
216.500000    237.506691
217.000000    239.123133
217.500000    240.798498
218.000000    242.532354
218.500000    244.324255
219.000000    246.173736
219.500000    248.080315
220.000000    250.043498
220.500000    252.062771
221.000000    254.137607
221.500000    256.267460
222.000000    258.451774
222.500000    260.689973
223.000000    262.981468
223.500000    265.325658
224.000000    267.721922
224.500000    270.169630
225.000000    272.668136
225.500000    275.216780
226.000000    277.814888
226.500000    280.461775
227.000000    283.156742
227.500000    285.899075
228.000000    288.688052
228.500000    291.522934
229.000000    294.402973
229.500000    297.327409
230.000000    300.295469
230.500000    303.306370
231.000000    306.359319
231.500000    309.453509
232.000000    312.588126
232.500000    315.762343
233.000000    318.975326
233.500000    322.226228
234.000000    325.514195
234.500000    328.838364
235.000000    332.197861
235.500000    335.591805
236.000000    339.019306
236.500000    342.479466
237.000000    345.971381
237.500000    349.494135
238.000000    353.046810
238.500000    356.628478
239.000000    360.238204
239.500000    363.875048
240.000000    367.538063
240.500000    371.226297
241.000000    374.938790
241.500000    378.674580
242.000000    382.432698
242.500000    386.212169
243.000000    390.012016
243.500000    393.831256
244.000000    397.668904
244.500000    401.523968
245.000000    405.395456
245.500000    409.282369
246.000000    413.183710
246.500000    417.098475
247.000000    421.025660
247.500000    424.964258
248.000000    428.913260
248.500000    432.871655
249.000000    436.838434
249.500000    440.812582
250.000000    444.793087
250.500000    448.778934
251.000000    452.769110
251.500000    456.762600
252.000000    460.758390
252.500000    464.755468
253.000000    468.752820
253.500000    472.749434
254.000000    476.744302
254.500000    480.736413
255.000000    484.724761
255.500000    488.708340
256.000000    492.686149
256.500000    496.657187
257.000000    500.620456
257.500000    504.574961
258.000000    508.519713
258.500000    512.453722
259.000000    516.376006
259.500000    520.285583
260.000000    524.181478
260.500000    528.062719
261.000000    531.928339
261.500000    535.777376
262.000000    539.608874
262.500000    543.421879
263.000000    547.215446
263.500000    550.988635
264.000000    554.740511
264.500000    558.470144
265.000000    562.176613
265.500000    565.859003
266.000000    569.516404
266.500000    573.147914
267.000000    576.752638
267.500000    580.329689
268.000000    583.878187
268.500000    587.397259
269.000000    590.886041
269.500000    594.343677
270.000000    597.769318
270.500000    601.162125
271.000000    604.521266
271.500000    607.845920
272.000000    611.135273
272.500000    614.388520
273.000000    617.604867
273.500000    620.783528
274.000000    623.923727
274.500000    627.024698
275.000000    630.085685
275.500000    633.105940
276.000000    636.084729
276.500000    639.021324
277.000000    641.915011
277.500000    644.765086
278.000000    647.570853
278.500000    650.331630
279.000000    653.046744
279.500000    655.715535
280.000000    658.337352
280.500000    660.911557
281.000000    663.437523
281.500000    665.914635
282.000000    668.342288
282.500000    670.719891
283.000000    673.046863
283.500000    675.322636
284.000000    677.546654
284.500000    679.718373
285.000000    681.837262
285.500000    683.902801
286.000000    685.914483
286.500000    687.871813
287.000000    689.774311
287.500000    691.621506
288.000000    693.412942
288.500000    695.148175
289.000000    696.826775
289.500000    698.448324
290.000000    700.012416
290.500000    701.518660
291.000000    702.966677
291.500000    704.356101
292.000000    705.686579
292.500000    706.957773
293.000000    708.169356
293.500000    709.321014
294.000000    710.412449
294.500000    711.443375
295.000000    712.413518
295.500000    713.322620
296.000000    714.170433
296.500000    714.956726
297.000000    715.681280
297.500000    716.343889
298.000000    716.944360
298.500000    717.482515
299.000000    717.958188
299.500000    718.371229
300.000000    718.721498
300.500000    719.008870
301.000000    719.233236
301.500000    719.394495
302.000000    719.492565
302.500000    719.527374
303.000000    719.498864
303.500000    719.406991
304.000000    719.251724
304.500000    719.033046
305.000000    718.750952
305.500000    718.405451
306.000000    717.996566
306.500000    717.524331
307.000000    716.988795
307.500000    716.390020
308.000000    715.728081
308.500000    715.003065
309.000000    714.215073
309.500000    713.364218
310.000000    712.450627
310.500000    711.474439
311.000000    710.435805
311.500000    709.334892
312.000000    708.171874
312.500000    706.946943
313.000000    705.660301
313.500000    704.312161
314.000000    702.902751
314.500000    701.432311
315.000000    699.901091
315.500000    698.309354
316.000000    696.657376
316.500000    694.945445
317.000000    693.173859
317.500000    691.342930
318.000000    689.452979
318.500000    687.504341
319.000000    685.497361
319.500000    683.432396
320.000000    681.309815
320.500000    679.129996
321.000000    676.893330
321.500000    674.600218
322.000000    672.251072
322.500000    669.846315
323.000000    667.386381
323.500000    664.871714
324.000000    662.302768
324.500000    659.680008
325.000000    657.003908
325.500000    654.274954
326.000000    651.493641
326.500000    648.660473
327.000000    645.775965
327.500000    642.840641
328.000000    639.855034
328.500000    636.819687
329.000000    633.735152
329.500000    630.601990
330.000000    627.420771
330.500000    624.192074
331.000000    620.916487
331.500000    617.594605
332.000000    614.227032
332.500000    610.814383
333.000000    607.357276
333.500000    603.856342
334.000000    600.312217
334.500000    596.725545
335.000000    593.096978
335.500000    589.427176
336.000000    585.716805
336.500000    581.966540
337.000000    578.177062
337.500000    574.349057
338.000000    570.483221
338.500000    566.580255
339.000000    562.640865
339.500000    558.665767
340.000000    554.655679
340.500000    550.611328
341.000000    546.533446
341.500000    542.422769
342.000000    538.280041
342.500000    534.106010
343.000000    529.901430
343.500000    525.667059
344.000000    521.403661
344.500000    517.112003
345.000000    512.792860
345.500000    508.447009
346.000000    504.075230
346.500000    499.678311
347.000000    495.257041
347.500000    490.812213
348.000000    486.344626
348.500000    481.855080
349.000000    477.344380
349.500000    472.813333
350.000000    468.262751
350.500000    463.693446
351.000000    459.106236
351.500000    454.501938
352.000000    449.881376
352.500000    445.245372
353.000000    440.594754
353.500000    435.930348
354.000000    431.252984
354.500000    426.563495
355.000000    421.862714
355.500000    417.151474
356.000000    412.430612
356.500000    407.700965
357.000000    402.963370
357.500000    398.218666
358.000000    393.467692
358.500000    388.711289
359.000000    383.950295
359.500000    379.185552
360.000000    374.417900
360.500000    369.648178
361.000000    364.877227
361.500000    360.105887
362.000000    355.334996
362.500000    350.565392
363.000000    345.797914
363.500000    341.033396
364.000000    336.272676
364.500000    331.516587
365.000000    326.765961
365.500000    322.021630
366.000000    317.284423
366.500000    312.555168
367.000000    307.834689
367.500000    303.123811
368.000000    298.423355
368.500000    293.734139
369.000000    289.056981
369.500000    284.392692
370.000000    279.742085
370.500000    275.105967
371.000000    270.485143
371.500000    265.880414
372.000000    261.292579
372.500000    256.722432
373.000000    252.170766
373.500000    247.638367
374.000000    243.126018
374.500000    238.634501
375.000000    234.164590
375.500000    229.717057
376.000000    225.292668
376.500000    220.892188
377.000000    216.516373
377.500000    212.165977
378.000000    207.841748
378.500000    203.544431
379.000000    199.274764
379.500000    195.033480
380.000000    190.821308
380.500000    186.638970
381.000000    182.487183
381.500000    178.366661
382.000000    174.278107
382.500000    170.222223
383.000000    166.199704
383.500000    162.211236
384.000000    158.257504
384.500000    154.339181
385.000000    150.456939
385.500000    146.611441
386.000000    142.803342
386.500000    139.033294
387.000000    135.301940
387.500000    131.609916
388.000000    127.957853
388.500000    124.346372
389.000000    120.776090
389.500000    117.247616
390.000000    113.761550
390.500000    110.318487
391.000000    106.919013
391.500000    103.563708
392.000000    100.253143
392.500000    96.987883
393.000000    93.768483
393.500000    90.595492
394.000000    87.469451
394.500000    84.390892
395.000000    81.360340
395.500000    78.378312
396.000000    75.445316
396.500000    72.561853
397.000000    69.728414
397.500000    66.945484
398.000000    64.213538
398.500000    61.533042
399.000000    58.904455
399.500000    56.328228
400.000000    53.804800
400.500000    51.334604
401.000000    48.918066
401.500000    46.555598
402.000000    44.247608
402.500000    41.994494
403.000000    39.796642
403.500000    37.654434
404.000000    35.568239
404.500000    33.538419
405.000000    31.565326
405.500000    29.649304
406.000000    27.790686
406.500000    25.989798
407.000000    24.246955
407.500000    22.562464
408.000000    20.936621
408.500000    19.369715
409.000000    17.862024
409.500000    16.413817
410.000000    15.025354
410.500000    13.696885
411.000000    12.428651
411.500000    11.220883
412.000000    10.073804
412.500000    8.987626
413.000000    7.962552
413.500000    6.998775
414.000000    6.096480
414.500000    5.255840
415.000000    4.477021
415.500000    3.760177
416.000000    3.105455
416.500000    2.512991
417.000000    1.982911
417.500000    1.515332
418.000000    1.110362
418.500000    0.768098
419.000000    0.488629
419.500000    0.272034
420.000000    0.118382
420.500000    0.027733
421.000000    0.000136
421.500000    0.035632
422.000000    0.134253
422.500000    0.296019
423.000000    0.520944
423.500000    0.809029
424.000000    1.160267
424.500000    1.574643
425.000000    2.052131
425.500000    2.592695
426.000000    3.196291
426.500000    3.862865
427.000000    4.592353
427.500000    5.384685
428.000000    6.239776
428.500000    7.157538
429.000000    8.137869
429.500000    9.180659
430.000000    10.285791
430.500000    11.453137
431.000000    12.682559
431.500000    13.973913
432.000000    15.327043
432.500000    16.741785
433.000000    18.217966
433.500000    19.755406
434.000000    21.353913
434.500000    23.013288
435.000000    24.733324
435.500000    26.513802
436.000000    28.354499
436.500000    30.255180
437.000000    32.215602
437.500000    34.235514
438.000000    36.314657
438.500000    38.452762
439.000000    40.649554
439.500000    42.904746
440.000000    45.218048
440.500000    47.589157
441.000000    50.017763
441.500000    52.503551
442.000000    55.046194
442.500000    57.645359
443.000000    60.300705
443.500000    63.011882
444.000000    65.778535
444.500000    68.600298
445.000000    71.476799
445.500000    74.407658
446.000000    77.392489
446.500000    80.430896
447.000000    83.522478
447.500000    86.666824
448.000000    89.863519
448.500000    93.112139
449.000000    96.412252
449.500000    99.763421
450.000000    103.165202
450.500000    106.617141
451.000000    110.118782
451.500000    113.669659
452.000000    117.269299
452.500000    120.917225
453.000000    124.612951
453.500000    128.355987
454.000000    132.145835
454.500000    135.981991
455.000000    139.863945
455.500000    143.791181
456.000000    147.763176
456.500000    151.779403
457.000000    155.839329
457.500000    159.942412
458.000000    164.088109
458.500000    168.275868
459.000000    172.505133
459.500000    176.775342
460.000000    181.085929
460.500000    185.436320
461.000000    189.825939
461.500000    194.254203
462.000000    198.720524
462.500000    203.224310
463.000000    207.764964
463.500000    212.341884
464.000000    216.954464
464.500000    221.602092
465.000000    226.284153
465.500000    231.000028
466.000000    235.749092
466.500000    240.530717
467.000000    245.344272
467.500000    250.189118
468.000000    255.064618
468.500000    259.970126
469.000000    264.904995
469.500000    269.868574
470.000000    274.860208
470.500000    279.879239
471.000000    284.925006
471.500000    289.996844
472.000000    295.094084
472.500000    300.216058
473.000000    305.362089
473.500000    310.531503
474.000000    315.723619
474.500000    320.937756
475.000000    326.173228
475.500000    331.429350
476.000000    336.705431
476.500000    342.000780
477.000000    347.314702
477.500000    352.646503
478.000000    357.995483
478.500000    363.360944
479.000000    368.742183
479.500000    374.138497
480.000000    379.549181
480.500000    384.973529
481.000000    390.410833
481.500000    395.860383
482.000000    401.321470
482.500000    406.793382
483.000000    412.275405
483.500000    417.766827
484.000000    423.266934
484.500000    428.775009
485.000000    434.290338
485.500000    439.812204
486.000000    445.339890
486.500000    450.872680
487.000000    456.409855
487.500000    461.950698
488.000000    467.494491
488.500000    473.040517
489.000000    478.588058
489.500000    484.136396
490.000000    489.684816
490.500000    495.232598
491.000000    500.779028
491.500000    506.323390
492.000000    511.864968
492.500000    517.403049
493.000000    522.936918
493.500000    528.465863
494.000000    533.989173
494.500000    539.506136
495.000000    545.016044
495.500000    550.518189
496.000000    556.011864
496.500000    561.496363
497.000000    566.970984
497.500000    572.435023
498.000000    577.887781
498.500000    583.328559
499.000000    588.756661
499.500000    594.171392
500.000000    599.572059
